index 1 0.00448695232625366
United_States_09d4 2 3.62434478139651E-4
Geographic_coordinate_system 3 2.9034952020677714E-4
Biography 4 2.455058818089929E-4
2007 5 2.1272183328379667E-4
France 6 1.526911330604286E-4
2008 7 1.3486836788600766E-4
United_Kingdom_5ad7 8 1.3364129988688045E-4
Biological_classification 9 1.333118012980779E-4
Music_genre 10 1.3028873548197775E-4
Record_label 11 1.2987535388201126E-4
England 12 1.1713838592552053E-4
2006 13 1.1707138660819868E-4
Canada 14 1.0090008958035623E-4
2005 15 9.3351573220069E-5
Internet_Movie_Database_7ea7 16 9.187322747791887E-5
Binomial_nomenclature 17 8.66257615363689E-5
India 18 8.144376065253082E-5
Australia 19 8.129257437053274E-5
Personal_name 20 7.987293800649375E-5
Germany 21 7.821202820906581E-5
Departments_of_France_f3ab 22 7.535378632163688E-5
Studio_album 23 7.414274295553913E-5
2004 24 6.980500442813893E-5
Village 25 6.979574536089608E-5
Japan 26 6.78243838012661E-5
Football_%28soccer%29 27 6.748962072587478E-5
Record_producer 28 6.679618697640528E-5
English_language 29 5.889720018387003E-5
2003 30 5.6962983584947655E-5
Conservation_status 31 5.682550162598911E-5
Politician 32 5.652421516957305E-5
Population_density 33 5.0076081344024906E-5
2001 34 5.007090861080989E-5
London 35 4.991940307329759E-5
Animal 36 4.983451911618256E-5
Europe 37 4.9438459702807074E-5
Italy 38 4.910804119156371E-5
World_War_II_d045 39 4.868895345584574E-5
Album 40 4.8338164687555175E-5
Website 41 4.8092787954113496E-5
2002 42 4.730022506805901E-5
Wiktionary 43 4.696710969131327E-5
Romania 44 4.6919118438639676E-5
Metre 45 4.681824335026655E-5
1999 46 4.356141128756961E-5
2000 47 4.3449007064846656E-5
Time_zone 48 4.3395703326076057E-5
Public_domain 49 4.2081696263088355E-5
Plant 50 4.069101322846199E-5
Square_mile 51 3.955225118573937E-5
Spain 52 3.920718902513959E-5
Elevation 53 3.917595878909134E-5
Actor 54 3.899111762785136E-5
Area 55 3.8411784886089935E-5
Square_kilometer 56 3.788577170375664E-5
1998 57 3.688979161564264E-5
Television 58 3.670670555782029E-5
Digital_object_identifier 59 3.6542793214849934E-5
New_York_City_1428 60 3.646944409219063E-5
Population 61 3.645863671622319E-5
Poland 62 3.6446821582678093E-5
New_York_3da4 63 3.6233188808178385E-5
Flowering_plant 64 3.5850322379399425E-5
California 65 3.580311518435519E-5
Sweden 66 3.5783385974236384E-5
Scotland 67 3.574043440514861E-5
Film 68 3.520611306495707E-5
China 69 3.500207344349053E-5
Norway 70 3.4682343200515646E-5
Animalia 71 3.4222002232329846E-5
Russia 72 3.3781339059951204E-5
1997 73 3.35180692009073E-5
Brazil 74 3.35063289434883E-5
1996 75 3.245835525999111E-5